===========================
This is STV Droop Quota Algorithm
Total seats: 1
Total candidates: 4
Total Ballots: 5000
shuffle sption is on

calculate the droop value
Droop is: 2501
1st Round:Assign each ballot to their first desire candidate
1st Round finished
Winners so far:
Loser so far:
Candidate name is: D

Ballots received: 3825 2201 4028 725 624 2202 2214 3603 516 606 4905 4811 411 1703 2324 1115 3408 523 1514 1907 709 2821 2812 1211 2218 3525 819 2507 2912 1924 2222 604 3509 3424 1611 206 918 3316 2127 1609 2919 3720 3218 117 1619 301 2501 2022 3318 4702 2823 320 3410 2227 1028 814 511 2815 524 3024 1204 3908 1618 21 2920 4301 815 3319 3414 2526 3113 1223 2516 2314 3527 3920 4526 4210 3610 4701 2810 1824 4010 1720 4119 414 4102 4807 2508 522 821 2626 1504 1 4911 2704 1128 1710 4228 3224 28 1108 1219 1820 3806 3110 1711 4605 4320 15 11 1113 3704 3510 4127 1916 207 1512 2109 1922 1902 4014 2413 1911 2515 908 2918 3418 1228 920 4720 3614 4124 1324 2113 2509 1508 1422 2104 2906 3320 2111 518 3021 1226 2901 2907 4519 1603 314 4821 3211 4912 3823 213 2908 311 4716 2318 4721 4817 4307 405 4112 2827 1411 4328 326 2717 4226 1818 2722 2427 621 3117 3519 2203 1410 25 925 2206 2720 2924 2710 3222 3918 1520 4005 2308 2816 1723 2519 4306 2719 3502 3521 225 4101 719 2021 2102 1307 525 1917 223 2219 2909 2204 1827 124 3524 211 2316 2921 4401 1909 1727 1007 1621 3725 4625 4506 2008 3309 2604 2528 410 2609 4904 701 526 4502 2122 3512 4421 3417 3206 1716 1026 106 1002 4113 4621 4027 3026 2627 2215 2805 3303 2424 4321 1018 2506 611 4222 916 4927 4326 1712 1801 1426 3608 4814 4202 4622 3928 325 1908 2024 4809 3404 2416 4727 1021 3405 1505 125 801 2224 1025 1020 114 715 4828 4507 1905 727 4601 2414 2315 2211 3227 308 4413 2216 4805 4512 4004 1715 4025 2709 4608 3011 928 3401 2114 2128 2916 428 1918 1310 3811 1408 1606 722 4728 1417 625 2101 3507 3808 4712 3508 4804 3121 9 1404 4215 228 1614 1502 3201 4311 2408 2209 2723 501 2301 1806 4726 1627 4106 4722 3210 4917 4928 703 803 406 512 1019 3012 1027 4309 4923 3925 2213 1805 4123 4219 2309 4117 4217 13 2305 4901 4922 2806 2510 2422 17 4403 1003 27 3820 1302 3317 101 2725 120 4115 2009 1421 4508 416 317 4220 602 1312 3728 3724 4419 4323 3901 2013 1016 808 605 4423 520 1005 4317 3517 1910 2228 4218 510 4225 3425 3423 2614 1313 3711 3710 4420 2616 4227 3809 4305 1928 309 3927 1702 1920 2726 2818 910 4125 3225 4715 4015 1110 2928 3709 118 1212 312 1722 2123 4511 628 4110 3020 3714 2328 2814 2808 2028 3322 1815 2503 907 2001 3812 3712 3212 1210 802 4003 3718 226 1309 1024 4408 4607 2706 614 3108 3717 2418 2925 3325 620 2926 906 2426 3409 418 8 2004 2011 3907 909 1117 2409 1912 4209 307 704 123 4012 3518 2625 713 1706 1728 4214 3215 1615 1506 1215 4022 4107 4908 4803 4111 4624 2803 3119 521 3214 3707 3208 3625 3422 3912 3412 1006 3922 811 2620 527 1123 618 2425 2311 2006 2003 4606 607 4903 2820 3501 3010 3219 2226 4915 121 504 1012 4304 3015 3027 2927 3326 1608 1416 1322 3223 3009 4410 3802 3701 1807 2523 1903 2326 24 4501 4711 1607 1624 717 2020 3101 3302 2822 1004 4409 102 1305 4627 3716 2124 2027 4504 1828 3722 3207 2 3815 2728 3217 1316 3004 1913 4523 2711 1428 515 3921 2714 1810 111 3 712 2110 1206 4503 3028 4516 3221 110 503 1617 3503 4820 1528 4815 12 1014 1222 921 4019 2423 4603 528 4522 3005 3905 208 1227 2518 4509 1216 427 3220 323 816 2701 422 1103 3415 1509 1926 2712 1515 1412 2401 2428 708 3003 804 1718 302 3818 4325 1001 4021 3702 2404 1921 3301 2617 616 3803 4216 823 3416 424 513 4505 917 3801 3413 4206 4315 2106 4827 1604 2120 2621 716 4020 2817 4427 2512 623 1601 216 215 2819 2327 2527 4404 1626 4816 1122 7 2610 912 3216 3902 2902 3022 2707 107 2824 924 2108 2602 3505 1623 2010 3001 710 313 2208 1102 4302 3406 2310 3228 4906 927 3822 4902 3126 2619 3123 1013 3419 3523 105 609 409 204 2302 1125 4610 3402 3107 3814 1919 306 202 1205 1814 4808 22 4224 3810 2420 109 3913 3626 3426 4825 4303 4614 2312 3726 4411 517 813 322 1704 4322 3516 1521 224 3421 3520 205 2705 1526 1214 1321 1301 4203 919 2809 128 2018 4619 3304 4426 4513 212 1304 1311 104 4801 3606 818 3017 2603 16 2412 2105 3203 4126 3114 3715 1804 2825 2410 4609 4826 4422 10 4909 3526 2421 103 14 904 2502 3621 1106 3910 303 2026 3515 4128 2716 519 3624 18 922 4319 3619 3616 613 423 3727 3623 4924 2220 622 2513 4211 1812 2115 728 2923 4002 327 1721 1620 2017 419 1203 3915 3615 2811 1418 2217 4719 1327 615 1523 3327 1319 2904 1823 2718 1424 1315 3205 417 4813 902 2727 1419 4412 2016 3427 227 3723 702 1616 1325 506 822 5 116 3511 3805 1808 2611 1726 2411 318 1819 3116 415 4725 4713 20 2015 4705 4009 724 2721 1221 2520 3607 2405 3911 2607 2023 4818 2708 4822 119 2702 507 4920 3528 4407 1308 3305 4704 3601 3106 1425 4802 2005 2605 1517 4312 3420 1124 4104 4013 2317 2303 108 3102 4026 1213 4914 911 1906 4628 4926 806 3407 4120 1825 1822 2618 1105 1816 3819 421 1225 1605 2210 2225 3002 4925 1813 3916 2119 3904 1323 3025 4205 3919 514 4414 627 1510 2118 4706 3313 718 3706 1522 3112 2715 4425 1622 2828 1207 1326 426 2826 3403 113 508 122 4916 1208 219 4517 4710 505 3807 2917 2724 3604 2612 407 1114 3506 4907 3213 812 4402 4618 2402 1107 321 2802 903 3411 826 1306 3321 1513 4521 3122 2504 1220 1610 2505 3120 2911 2223 608 319 4810 4001 4514 915 4212 1516 3622 4611 4314 3924 315 1802 3018 3906 2415 4221 1104 4118 4406 3323 1118 3909 2514 2325 913 2007 4018 2628 619 4011 2807 1707 3006 2116 1817 2304 4616 3513 817 4615 2221 4824 3618 914 1803 4620 4515 1320 707 4617 4823 807 723 3314 1713 4416 1602 1017 3308 112 2121 2002 3703 1628 4223 2623 3311 4524 3826 3804 4723 3124 1009 126 304 4518 4709 2910 3202 1613 2922 2522 1705 1121 1811 1511 2403 1112 1119 4918 1821 220 820 4324 809 1415 4714 1405 4812 3109 127 4116 3204 1503 1318 3926 3013 3105 3226 923 2624 705 328 2323 4910 3019 3813 2813 4921 2012 3719 3118 3705 603 402 1423 905 2212 324 1719 4006 2322 4109 2103 6 2125 4525 310 1525 3328 1901 2913 4703 4017 1915 827 2417 714 1717 209 3310 2804 214 1209 218 4418 1011 408 222 1101 2608 1402 2407 4023 401 4204 2622 3708 825 23 2517 3016 425 3828 305 1015 3127 1427 3007 1612 1126 1022 217 1127 4626 1925 4718 1420 2606 3923 1414 4122 901 2014 1328 4528 2307 4623 1403 3611 4424 4612 3504 2915 4520 1701 19 4724 3602 203 1217 4308 2019 3627 1409 3306 115 2613 413 1524 610 1501 4 4313 4008 2914 3617 3104 502 711 3115 1317 3821 4105 1303 1010 612 4114 1809 3903 201 3315 3620 2524 2801 3103 3125 926 2713 1023 4708 4527 3721 4108 1507 1518 4428 4310 1519 4024 2511 4415 4510 2207 3613 2703 1407 2306 2319 4007 3713 420 1709 2320 726 2112 4602 721 1413 1904 210 1527 509 4103 2615 403 1314 1826 4604 3008 824 4405 1116 2905 2107 4819 3917 2525 4327 3816 1202 4121 3827 404 828 26 1120 1923 617 4016 3605 601 3014 2025 2521 3111 2117 3209 4613 810 3324 1725 1008 1708 4417 3628 1218 1201 4318 1224 1914 1714 4207 4717 316 2313 1111 2419 1109 3914 2601 720 4913 3612 3307 3824 1927 4806 3428 3522 4316 3514 3128 4208 3817 3023 412 1625 4707 1406 2205 2321 3609 4213 2406 1401 805 4201 626 221 1724 2903 2126 706 4919 3312 
Candidate name is: R

Ballots received: 3742 332 3552 4131 4443 2236 137 4845 2843 651 3330 2634 4548 3949 3653 1735 2943 4543 4045 1756 2443 730 1930 37 4651 2343 4842 3553 2936 1838 4642 3346 3151 2729 1554 242 3133 3535 1939 2342 3140 2552 933 1354 2148 1641 2953 4636 3051 555 4954 2951 4742 4429 53 3343 3436 342 4452 4141 2056 38 147 4836 2130 2432 1751 3256 3433 1049 3155 3047 4251 336 4139 4737 3752 152 4453 2041 235 853 36 2755 2956 3546 3031 2853 1256 3040 1646 440 3134 2754 4529 4052 2944 1647 1241 441 2542 134 2831 2734 3648 3636 2053 4941 4451 1145 534 2540 1842 1244 1542 3250 3141 4732 2637 751 4244 852 1034 529 3945 1150 3349 3651 452 1642 329 3947 1131 2355 2145 1442 3444 3837 356 3229 2650 3738 3443 4746 241 3852 4331 3849 1151 729 2948 352 4729 1840 4932 2834 4944 3333 1849 849 4056 4150 4656 4638 1534 531 252 4841 3542 835 1652 3930 1732 4241 443 3130 551 32 4534 3438 3541 3953 4143 3251 1155 4853 3352 2752 549 1232 1937 4130 856 3556 841 348 1341 4645 2736 353 4350 646 4830 2631 1956 2134 4855 3430 546 4930 454 3041 3139 3950 1935 4854 3548 2440 3635 4152 434 2543 4947 947 4948 2647 4555 1242 3841 3050 2643 2938 4649 2433 929 838 3643 1456 3937 3944 4752 4439 1334 1946 1030 556 3439 3456 1731 3237 3641 2246 4535 2437 737 1453 3736 2748 4137 2032 4934 1246 3756 3340 935 4456 2040 240 2233 1148 31 247 4255 1635 30 2454 3132 2446 4145 4551 4639 2042 2444 2052 1236 1737 4946 50 1529 339 2942 4837 3655 4351 2546 850 3843 2350 229 4653 4248 4232 1437 3933 3035 3339 1438 755 1451 3656 133 432 1040 3942 1733 1533 335 3142 1448 4238 552 4338 4542 1342 1443 1050 2346 2837 3745 1943 2034 738 4135 640 153 3939 1134 49 4132 337 2436 632 2242 2047 40 1750 3532 1753 4342 2738 4532 2547 4647 4230 4441 1836 2240 1844 1856 4329 1655 731 3747 4644 47 4956 1851 3453 1432 48 3846 2251 3450 2438 648 4938 243 4953 3351 845 742 349 3753 2147 4243 4042 1944 2842 330 4053 746 4756 2044 3741 3836 846 941 1633 444 2339 2455 739 1741 2945 2031 854 747 2054 749 4337 4755 3334 3055 2732 3855 4142 4840 2856 1549 3952 4037 3654 4048 1153 355 4648 4442 1553 1933 4554 1738 140 3137 1645 1032 3150 1336 2850 2554 645 2737 940 4533 644 256 2133 447 530 4943 149 438 1133 732 2642 1240 834 1841 2640 4446 3755 1430 2332 3245 3931 3554 3853 1653 3746 3748 3536 2132 3242 1654 1544 2330 2555 237 1535 246 3356 2241 2733 52 4330 4849 1643 1254 1349 3642 3731 2742 2731 3743 836 1335 655 3544 4537 2448 2243 636 1543 1441 4556 3336 4247 939 3750 2848 343 641 3531 2449 4744 1940 1531 4738 3146 239 3136 832 2356 146 1932 1230 1140 537 3646 3629 3838 1139 4546 347 639 930 4233 1540 1233 3342 3148 3441 4239 4539 3448 1037 1629 1929 753 2439 3244 44 1330 2534 35 2442 3929 1745 2329 2745 3154 750 542 435 1329 1352 1739 3052 2231 3934 236 2238 3848 2839 4146 3839 3037 2750 3537 1831 2741 630 3238 1229 2245 951 2155 931 3454 2638 1953 1839 4545 1649 631 4632 51 2939 4750 1847 1545 4650 4434 2849 650 4036 2235 3131 1952 3240 756 2354 43 3335 334 4038 1530 847 1440 1252 2445 1253 2654 1556 1033 2140 1237 4144 1234 1634 4253 2845 2143 3652 2952 4936 3241 4634 3951 1754 1056 346 2139 4249 4335 2252 2954 4844 154 3034 1154 232 629 1132 4032 831 1355 2131 4848 2351 942 4055 4846 4346 1951 1039 3434 1546 3247 1941 1648 1245 3337 2239 1551 538 2247 1135 945 1539 3832 2033 1347 4637 2844 643 2544 4733 1353 1536 331 2931 2832 1333 1129 1152 2141 448 4838 4440 1250 1138 743 4544 1934 1035 2249 2344 3633 844 3649 4354 1730 3850 4041 4935 1832 455 3032 532 3344 3329 3231 2549 4850 736 2232 4050 4450 2345 2055 255 740 3644 42 41 932 2050 2753 4951 744 2137 45 1942 4240 2553 1455 547 2150 4033 539 2333 238 2629 1038 638 1054 745 1029 4753 2146 1429 3451 2338 2349 3455 2829 4332 4939 3355 2043 1051 4630 3650 4039 2539 456 3749 250 1637 748 4629 2037 3249 3734 2136 1630 2548 1433 3447 3856 1855 3547 839 1748 3239 4353 2653 1346 4154 4437 4745 4749 3844 4444 33 4641 4952 1830 1651 3955 2045 4250 39 3831 4151 1031 855 1345 350 840 1052 4839 1955 2149 3353 4352 2430 1251 4051 3729 4231 4129 2244 2347 3039 949 3638 938 2532 230 735 4748 3338 4731 2556 3754 842 4531 829 734 3233 4334 754 848 1931 1434 2039 2250 4538 4256 3253 3248 4034 956 2751 3534 4449 155 2644 1532 3956 4832 3637 4740 340 633 1854 3254 1450 4349 3332 2453 1936 2452 2156 1044 936 2255 3135 4931 1249 3851 3735 451 2635 3147 2151 3341 135 1445 3538 248 3640 2256 4734 1538 545 2051 2830 4147 2930 4046 1749 1247 2636 741 544 3053 1829 2739 637 1734 4030 1644 3449 1552 1449 131 3138 4043 533 2340 3645 4942 2946 1337 333 439 354 4343 3246 2434 4654 4333 2932 4435 2441 3545 4136 2730 1043 837 1852 453 2937 2029 953 4643 1344 2456 1638 4739 445 2152 541 2652 2645 3732 1650 2935 3854 1338 1938 1243 1446 4054 3739 2234 2153 1656 2851 1348 1835 4138 3530 955 437 2129 3036 3243 656 3533 3943 4049 4633 654 4955 4245 2253 449 4950 3255 436 2632 141 3549 3235 635 3156 3948 4735 4234 4341 2537 3740 3144 634 4937 4929 4340 2854 1740 2836 2649 540 1147 4252 950 4847 3149 4550 145 2541 2229 2639 4029 3347 3840 151 2744 647 2550 1136 2833 4829 3152 4436 1137 1736 733 2743 4655 649 3445 251 1843 1350 2933 1954 1331 830 1640 3834 3129 1053 3639 130 1239 4856 4540 341 4356 2049 245 653 3232 3632 1550 4448 1156 4747 2536 1833 234 2135 3033 1046 4148 2934 4547 2749 4433 3348 433 3437 4640 1729 136 652 843 2648 954 1343 3744 3529 3730 4454 2138 34 3252 3029 3432 4751 4730 2950 253 254 442 2447 4254 1447 1454 4236 2641 446 2855 3830 833 4843 138 2630 4831 3429 2646 2431 2450 2334 943 3042 2535 1238 543 56 1431 2533 344 2545 944 3938 1743 2949 2046 4536 1845 4945 2038 4438 2840 642 2940 1439 2254 553 4156 2036 1055 937 4754 2451 4044 46 3835 3350 2835 4933 1146 3630 1248 3954 430 3045 548 536 1149 1041 1048 2030 143 1332 3049 3331 1435 3056 1853 429 2841 3038 2529 4635 1639 4833 2740 351 3551 129 231 3054 3030 1752 4432 2747 2746 148 3540 2335 554 1742 1036 2947 1339 3842 1142 4246 4430 144 2852 1541 244 851 3935 2838 2048 4736 3647 54 3829 4552 1047 4553 3234 450 4339 1837 3634 2735 1537 1744 2230 4743 4235 1255 948 4229 3230 3440 1340 3941 3751 2656 1356 4646 3044 249 2846 3733 1746 952 4133 4348 4344 752 4237 1848 4835 2331 3435 535 3145 3555 1747 1235 3631 4134 3936 2035 1846 1547 550 3940 3543 4549 2655 4345 4455 1755 2348 3539 2341 338 3845 4431 4530 1141 1130 4031 4347 431 55 2144 2237 1945 2336 142 4445 4035 1143 4140 1636 2142 1351 4851 4631 233 1231 2651 3946 1631 2538 3442 4149 4447 3847 2847 2633 132 150 2929 2941 2248 1948 29 2337 2352 3452 2530 3236 946 3048 4355 3431 1949 3354 3446 4652 3550 3833 4242 4940 1452 1950 1045 2353 3345 3143 2154 3046 2955 1444 3043 1632 3153 4155 4541 3737 4047 1947 4741 1850 4834 2756 2551 1555 4040 2429 156 934 1042 4336 1436 1834 345 2435 1548 139 1144 4852 3932 4153 4949 2531 
Candidate name is: G

Ballots received: 2558 3058 3380 1770 1359 2580 4657 2679 3973 3458 2477 975 2076 763 60 964 977 3972 3777 2175 2361 162 1673 764 2665 271 859 970 770 2162 1567 3771 3676 470 4471 2778 3778 1762 3877 63 3262 2257 2058 3662 3861 665 2963 4260 4178 77 3062 3061 3274 1179 3668 361 1066 1773 1677 4958 1771 3767 1462 4070 4580 3779 4877 3071 2157 2974 3958 3664 4773 566 2564 858 161 1058 1577 3074 3959 2080 2178 3261 2759 3568 778 2976 2764 166 4867 1678 1377 2672 1980 1959 2274 3774 4462 874 3871 3063 275 979 264 1370 3077 3560 4177 4172 3957 3478 2275 69 2972 3978 1478 4470 4674 472 180 3172 769 1459 2266 4567 4270 668 1761 2271 1869 3259 4062 3967 78 3878 1664 358 761 878 3965 280 4357 4660 4473 3862 4871 3268 2871 4665 4978 4361 1474 170 2077 4275 3158 1263 466 4175 2862 4269 861 4468 2666 3367 2171 1476 4668 3271 4974 2278 2770 475 377 3474 2971 3267 3672 1580 160 679 2565 4167 3879 2166 2064 2676 1059 2966 3070 863 4372 2680 4571 4775 4475 2368 1661 3175 1559 773 1362 2169 1464 558 1177 2678 1876 4276 1976 3364 1671 1777 1568 4676 2776 1757 1763 4577 3465 567 674 67 3577 3167 4279 3065 4661 3666 1176 3273 4060 1268 3060 1159 2079 1468 2569 1473 266 4777 1561 1967 1560 570 3970 2176 758 2261 958 179 3566 464 3059 3278 2264 3372 4272 4069 4278 968 270 860 3961 372 3966 4264 4576 2457 2067 2562 1859 2872 4360 3564 4767 2877 4368 1569 1259 3570 4878 2258 4662 4165 3761 3760 1564 3980 867 676 4259 1060 3574 2060 4472 4067 4859 1371 3571 4658 4961 4068 3873 3477 2167 3165 61 272 3660 168 1479 973 1074 561 4373 469 3463 4962 3272 1775 3575 4380 258 2860 2578 2057 3476 366 3663 1576 3572 3869 2660 259 2371 3975 4670 4679 1769 4363 3764 1378 2172 670 2772 4171 1972 1669 1566 1565 3168 4168 3160 375 3759 4864 661 1558 2567 3375 3068 3276 4874 158 2179 1157 2478 1668 367 3679 1767 4972 3674 4967 2269 1658 3775 3162 263 2465 4265 2968 1274 2374 2969 4579 2869 663 4757 1780 4664 2363 2279 3475 277 4077 2774 962 1068 2760 4970 1372 3377 2775 360 1657 3680 4480 4158 1880 2475 2159 1665 273 3173 1971 2579 1573 4977 1879 3762 3776 2180 2570 3960 1857 1758 4764 967 4671 376 2380 2572 4858 664 4880 75 2870 4771 1368 73 672 880 657 2960 1277 1357 175 969 1970 2563 4160 2375 2973 1667 1579 960 4379 267 368 3178 1963 1258 1863 4277 2777 1467 1079 1279 2379 2068 2557 3467 1562 3371 2766 675 4358 1267 4374 373 4369 362 4058 1961 4866 4061 766 1166 2577 66 1862 4370 775 3358 4666 1065 4861 1077 2466 3865 4969 4469 4059 1072 3964 3678 72 3559 3665 3580 276 4957 2462 1465 1870 2364 2370 1957 2471 177 1171 3076 4569 1470 3971 3170 1979 4872 4161 459 3968 4979 574 1772 1457 2366 3079 262 157 1367 2668 480 1062 1480 370 4563 2173 868 4968 3669 4057 3569 762 165 559 3361 1962 4072 3179 4257 1974 4768 3260 4865 4377 1759 4964 3370 2561 760 1477 3866 4876 1061 4173 2669 4080 4558 1271 2674 2161 2072 163 2362 2276 869 660 468 4176 4364 4267 3868 3963 3858 865 562 62 2265 1679 2470 374 457 3768 2667 3269 4959 1572 71 3880 3057 1861 577 2761 4365 1674 1070 2059 1168 2469 3870 4075 1257 3169 4063 3670 279 3876 4271 3675 4162 4170 1379 2664 2164 2272 4464 364 2779 260 1860 4971 2260 4672 1269 2677 575 2074 2967 4769 976 961 1766 1158 2768 70 1969 3064 3974 1165 1270 1575 265 2767 2170 3471 560 3772 4774 2574 2964 4860 3374 4375 4258 965 4565 1265 2866 3075 2070 2868 565 2358 465 4362 3280 363 462 4460 1460 2859 2373 4073 2359 3378 3365 171 2376 1469 3472 1458 2858 4366 3667 4760 1977 1064 1075 4378 3264 4673 2378 864 2473 1173 79 1080 274 1170 3976 1262 4478 2657 4459 2875 2160 3657 3376 2970 3561 1666 3661 4463 4868 4570 1660 3969 1966 1169 3567 64 2959 3863 757 777 3770 2365 1358 2474 4166 4266 2671 2670 3758 76 3875 3073 1768 1376 3366 4963 4669 2168 3859 2369 3872 4268 257 3359 768 2874 1163 659 2575 4561 2658 4870 776 2267 4477 3576 3080 4566 3363 3459 2263 3867 3857 59 1272 4367 3780 4879 3279 1276 774 3671 3763 1570 4765 2957 2576 2367 2177 4976 2876 3177 1662 1067 677 3579 4966 3373 1563 4663 1472 261 2863 1475 2568 369 3460 3275 268 176 3565 1874 2978 3563 1463 2864 2857 1162 58 2769 1964 1866 359 4873 474 3769 3473 1366 2459 1380 4466 673 2062 3464 2962 1178 3174 2573 2357 4758 4778 4574 1374 3479 2771 164 1765 3677 4376 866 568 1373 1659 4079 680 959 2461 2259 4262 3360 1858 2472 1063 1672 3164 2571 3457 178 974 3659 2773 4568 4157 580 3270 3558 3157 4761 978 2662 1280 2762 2061 74 1167 2073 1877 1266 1873 870 4562 4457 2879 174 1960 4869 2661 4575 2468 972 857 1369 4766 169 4980 872 4875 2463 1574 1774 4465 1578 4863 2977 1471 167 2675 1069 1174 1073 4064 2480 2758 671 379 4770 1571 4960 4474 4476 458 980 779 3757 4857 578 2268 4467 65 4261 2066 3066 1871 963 4667 2467 666 1275 4180 4557 2965 579 877 557 2075 2961 3161 2878 669 1164 4560 563 2277 3470 4078 4479 2659 3067 2975 357 2063 3578 1361 2979 879 662 2560 1973 1261 3461 2873 1172 2372 765 875 1365 4675 4163 1557 3977 4159 3765 3860 4573 4763 2071 3773 1363 2464 3462 4677 3480 1360 4779 371 3379 1675 1260 3159 4169 478 2360 2069 3874 3180 1180 4263 4371 3979 2867 4179 2476 1776 3072 4572 658 4578 3766 4772 2273 966 2765 477 571 3163 3557 1875 463 3176 3171 2566 1078 3078 2078 4762 2458 2865 4680 1760 564 269 4862 1958 471 2880 2163 678 1778 1868 4458 460 759 4559 2780 3265 1878 2763 80 467 3468 1057 3357 3673 3362 3573 957 1461 2559 4759 2479 3069 1670 2262 862 1968 4074 3469 1161 1273 4965 3466 1764 771 4973 3658 4678 4273 1965 2165 1071 1779 4274 173 461 2174 57 4975 4359 4071 3258 380 1872 4164 4065 4461 3864 2270 2065 1076 2958 378 4280 1364 3257 2673 2280 68 1278 780 3263 2460 473 876 1975 278 971 1680 2757 1865 4066 3266 569 873 4659 3368 1466 2861 1867 1375 1264 2980 1864 572 4776 767 2377 2158 479 871 3562 573 172 772 3962 1663 1160 2663 1978 1175 3369 365 576 667 4564 4076 3166 476 1676 3277 159 4174 4780 
Candidate name is: I

Ballots received: 3381 3794 2989 2884 2887 81 194 2791 2386 4896 2687 2488 3387 2797 2290 697 2387 2787 86 3796 1799 4786 1199 4587 3086 4099 4191 3991 688 1883 3789 587 1286 187 2289 2882 2189 698 2581 891 2183 793 293 796 4791 4382 3896 3895 1792 1786 3384 1991 389 1400 2999 1797 3889 894 1682 2693 1297 4691 4899 3195 2093 2086 2982 4584 3281 2382 3496 3488 896 4695 489 281 2294 1197 595 3396 1491 1691 2598 3684 2196 4988 3500 3690 1687 498 3683 1399 2088 4597 82 3485 4887 4181 1185 4493 4881 1482 4389 3688 2492 2490 2890 4482 2896 3198 4697 1794 4991 1793 1686 1395 285 1289 200 984 2388 4598 3091 2486 3987 1187 1694 396 2886 1193 1681 2090 1291 4189 2694 992 1897 3785 1584 983 3585 3988 4384 2682 199 4292 488 3594 1091 482 2081 2789 4995 1198 590 283 1996 1085 3183 1593 1388 1981 4193 4897 2284 4497 1689 3192 4799 298 3600 4297 3394 3491 398 1891 993 3495 3582 4699 1389 3584 2199 686 1893 682 1196 3099 3892 93 3298 2082 981 2497 499 3797 2690 88 989 97 998 198 1690 495 4684 4898 1896 3786 985 3498 588 486 990 893 3989 1082 91 3894 4990 3596 4196 2400 2300 483 2793 1184 2392 2184 883 481 3986 1983 3984 4800 1288 599 1083 1287 2295 3397 2983 4582 487 1696 3793 3085 186 1487 4286 4793 4093 3685 4986 196 582 2483 2399 4092 1590 3289 299 1697 1092 4186 4698 1189 4785 1888 4494 1088 4398 4289 2489 1386 89 2283 2785 1195 1500 2494 4293 889 2985 4083 1390 4185 3997 4681 1999 2990 2191 1098 3691 2194 3800 594 3088 4089 4483 2685 3186 2292 783 1693 96 2197 1387 792 694 895 4488 399 4982 4489 1895 2997 4388 3294 1596 2692 4199 2293 92 3199 3886 2885 2897 3784 1994 1993 3191 4288 4589 2491 4682 4097 4183 1789 4391 3286 2684 1093 497 2198 4900 3990 886 1493 1497 1498 3197 591 1685 2599 4983 3285 2683 2995 2193 84 2993 784 291 2582 484 1099 2889 4788 386 4085 1984 690 4195 4997 4585 898 3888 4893 392 4492 1182 2396 685 987 4296 3295 4586 3389 687 3791 2695 2700 2786 4491 693 3185 3100 2587 1791 882 3293 393 295 1298 3599 1796 681 3798 4894 1699 2794 1294 494 1391 897 1886 3297 2385 4694 2092 3890 1700 1898 2188 3193 190 3499 90 3586 1188 1486 1100 3483 4782 2898 4892 2498 798 4100 3681 1599 3392 1586 583 1494 3898 2781 2798 1798 2281 4287 3591 4792 490 87 1990 192 4284 2992 2089 3283 1992 2487 4583 700 3985 1393 3084 3299 4299 1295 1181 2484 2200 2187 4090 1899 2390 4499 3693 4290 2984 3089 2696 4998 2881 2286 3697 2799 3189 2091 3799 1096 3188 1887 2393 1483 4192 3493 589 2987 185 3682 1398 4690 2894 384 4781 2792 1293 4685 991 781 1095 586 4087 2596 492 491 3181 4285 4689 100 584 4394 4795 3083 1089 4094 189 191 3096 999 695 782 1186 2994 3687 395 4395 1492 3484 887 1589 4882 1684 1592 2588 3782 995 387 3300 99 900 1997 3882 3792 1385 797 4886 2287 2600 1782 1795 3891 4992 885 1595 1282 4985 3284 4098 288 4282 2699 800 2585 2181 3393 3292 385 794 2085 4891 789 496 997 4498 1787 4993 4396 1890 4686 4298 2783 4797 4490 3900 3588 2296 4399 382 3187 600 4496 2185 593 1600 4095 184 4082 2000 3296 4590 692 4592 2096 3694 3581 3787 1489 1296 888 4387 3783 1392 1788 3996 689 3598 696 1396 388 1884 2795 4091 4190 4794 1986 799 2389 181 3098 2998 2800 2482 2394 4696 684 2996 1490 1583 1982 4687 98 3399 4591 95 2500 1300 94 400 1783 1283 4984 3190 3388 2899 596 183 2495 297 683 4485 3887 1695 699 3897 2084 790 2782 4184 2397 4295 4999 3382 788 4198 3998 1000 85 1094 3095 2381 4481 4796 2182 3993 2681 786 4790 2888 2691 3291 4390 4798 2195 3486 988 1090 2095 284 4784 1581 4393 3288 691 3587 4294 1894 3699 3686 4397 485 3482 3182 2288 4996 1097 890 3391 3200 4283 4692 290 4789 1594 2099 3995 4484 292 4486 4400 2589 1481 2883 2597 4385 899 3282 3196 296 4581 1290 3696 2391 3492 1588 4381 391 1485 1692 4883 4281 383 4596 2291 1881 1698 493 1292 3082 4599 3689 3899 2395 2384 3385 4088 2591 2493 585 2383 2592 3490 1988 197 1585 3489 2900 996 3982 4084 3994 2784 598 182 2796 3692 3400 4182 3497 2098 3583 4487 1587 3092 286 3597 1800 1989 1499 3881 3194 1987 3093 289 4787 2698 4595 592 3893 394 1892 4291 5000 4594 3487 4683 193 2586 3795 2981 2892 3781 2299 3590 1995 2893 3000 4783 1885 1784 1183 2285 287 3094 581 1591 1688 2496 982 188 2094 3983 1683 2083 4386 795 2988 4889 1191 4392 4200 2594 3593 2986 1998 4693 2697 3097 1299 2097 4885 1790 1384 1285 2688 3398 397 300 3999 1200 3884 1194 3386 1394 4500 2398 3700 3383 986 3885 1081 4000 1598 3589 4197 2590 1582 4994 4588 2891 1087 4096 2485 1597 2499 884 2186 3290 3981 282 1488 4383 4895 3395 2686 2584 1382 2895 381 3287 4888 1781 2593 4194 4495 2190 1484 1495 2481 4987 500 294 3592 1397 2087 4989 1496 1192 4890 3695 2788 1383 3081 1084 2991 1381 785 2790 1281 892 1882 3790 2192 597 4688 2282 2583 3390 2298 4700 994 2100 3087 1284 787 4884 3883 4081 791 1086 1785 1985 2595 2689 195 3184 3494 1190 3788 4300 83 4086 881 390 3595 1900 2297 3698 4593 4981 4188 1889 3090 3992 4187 4600 3481 
2st Round:
redistribute ballots the candidates with the least ballots
2st Round finished
Winners so far:
Loser so far:Candidate name is: D

Ballots received: 3825 2201 4028 725 624 2202 2214 3603 516 606 4905 4811 411 1703 2324 1115 3408 523 1514 1907 709 2821 2812 1211 2218 3525 819 2507 2912 1924 2222 604 3509 3424 1611 206 918 3316 2127 1609 2919 3720 3218 117 1619 301 2501 2022 3318 4702 2823 320 3410 2227 1028 814 511 2815 524 3024 1204 3908 1618 21 2920 4301 815 3319 3414 2526 3113 1223 2516 2314 3527 3920 4526 4210 3610 4701 2810 1824 4010 1720 4119 414 4102 4807 2508 522 821 2626 1504 1 4911 2704 1128 1710 4228 3224 28 1108 1219 1820 3806 3110 1711 4605 4320 15 11 1113 3704 3510 4127 1916 207 1512 2109 1922 1902 4014 2413 1911 2515 908 2918 3418 1228 920 4720 3614 4124 1324 2113 2509 1508 1422 2104 2906 3320 2111 518 3021 1226 2901 2907 4519 1603 314 4821 3211 4912 3823 213 2908 311 4716 2318 4721 4817 4307 405 4112 2827 1411 4328 326 2717 4226 1818 2722 2427 621 3117 3519 2203 1410 25 925 2206 2720 2924 2710 3222 3918 1520 4005 2308 2816 1723 2519 4306 2719 3502 3521 225 4101 719 2021 2102 1307 525 1917 223 2219 2909 2204 1827 124 3524 211 2316 2921 4401 1909 1727 1007 1621 3725 4625 4506 2008 3309 2604 2528 410 2609 4904 701 526 4502 2122 3512 4421 3417 3206 1716 1026 106 1002 4113 4621 4027 3026 2627 2215 2805 3303 2424 4321 1018 2506 611 4222 916 4927 4326 1712 1801 1426 3608 4814 4202 4622 3928 325 1908 2024 4809 3404 2416 4727 1021 3405 1505 125 801 2224 1025 1020 114 715 4828 4507 1905 727 4601 2414 2315 2211 3227 308 4413 2216 4805 4512 4004 1715 4025 2709 4608 3011 928 3401 2114 2128 2916 428 1918 1310 3811 1408 1606 722 4728 1417 625 2101 3507 3808 4712 3508 4804 3121 9 1404 4215 228 1614 1502 3201 4311 2408 2209 2723 501 2301 1806 4726 1627 4106 4722 3210 4917 4928 703 803 406 512 1019 3012 1027 4309 4923 3925 2213 1805 4123 4219 2309 4117 4217 13 2305 4901 4922 2806 2510 2422 17 4403 1003 27 3820 1302 3317 101 2725 120 4115 2009 1421 4508 416 317 4220 602 1312 3728 3724 4419 4323 3901 2013 1016 808 605 4423 520 1005 4317 3517 1910 2228 4218 510 4225 3425 3423 2614 1313 3711 3710 4420 2616 4227 3809 4305 1928 309 3927 1702 1920 2726 2818 910 4125 3225 4715 4015 1110 2928 3709 118 1212 312 1722 2123 4511 628 4110 3020 3714 2328 2814 2808 2028 3322 1815 2503 907 2001 3812 3712 3212 1210 802 4003 3718 226 1309 1024 4408 4607 2706 614 3108 3717 2418 2925 3325 620 2926 906 2426 3409 418 8 2004 2011 3907 909 1117 2409 1912 4209 307 704 123 4012 3518 2625 713 1706 1728 4214 3215 1615 1506 1215 4022 4107 4908 4803 4111 4624 2803 3119 521 3214 3707 3208 3625 3422 3912 3412 1006 3922 811 2620 527 1123 618 2425 2311 2006 2003 4606 607 4903 2820 3501 3010 3219 2226 4915 121 504 1012 4304 3015 3027 2927 3326 1608 1416 1322 3223 3009 4410 3802 3701 1807 2523 1903 2326 24 4501 4711 1607 1624 717 2020 3101 3302 2822 1004 4409 102 1305 4627 3716 2124 2027 4504 1828 3722 3207 2 3815 2728 3217 1316 3004 1913 4523 2711 1428 515 3921 2714 1810 111 3 712 2110 1206 4503 3028 4516 3221 110 503 1617 3503 4820 1528 4815 12 1014 1222 921 4019 2423 4603 528 4522 3005 3905 208 1227 2518 4509 1216 427 3220 323 816 2701 422 1103 3415 1509 1926 2712 1515 1412 2401 2428 708 3003 804 1718 302 3818 4325 1001 4021 3702 2404 1921 3301 2617 616 3803 4216 823 3416 424 513 4505 917 3801 3413 4206 4315 2106 4827 1604 2120 2621 716 4020 2817 4427 2512 623 1601 216 215 2819 2327 2527 4404 1626 4816 1122 7 2610 912 3216 3902 2902 3022 2707 107 2824 924 2108 2602 3505 1623 2010 3001 710 313 2208 1102 4302 3406 2310 3228 4906 927 3822 4902 3126 2619 3123 1013 3419 3523 105 609 409 204 2302 1125 4610 3402 3107 3814 1919 306 202 1205 1814 4808 22 4224 3810 2420 109 3913 3626 3426 4825 4303 4614 2312 3726 4411 517 813 322 1704 4322 3516 1521 224 3421 3520 205 2705 1526 1214 1321 1301 4203 919 2809 128 2018 4619 3304 4426 4513 212 1304 1311 104 4801 3606 818 3017 2603 16 2412 2105 3203 4126 3114 3715 1804 2825 2410 4609 4826 4422 10 4909 3526 2421 103 14 904 2502 3621 1106 3910 303 2026 3515 4128 2716 519 3624 18 922 4319 3619 3616 613 423 3727 3623 4924 2220 622 2513 4211 1812 2115 728 2923 4002 327 1721 1620 2017 419 1203 3915 3615 2811 1418 2217 4719 1327 615 1523 3327 1319 2904 1823 2718 1424 1315 3205 417 4813 902 2727 1419 4412 2016 3427 227 3723 702 1616 1325 506 822 5 116 3511 3805 1808 2611 1726 2411 318 1819 3116 415 4725 4713 20 2015 4705 4009 724 2721 1221 2520 3607 2405 3911 2607 2023 4818 2708 4822 119 2702 507 4920 3528 4407 1308 3305 4704 3601 3106 1425 4802 2005 2605 1517 4312 3420 1124 4104 4013 2317 2303 108 3102 4026 1213 4914 911 1906 4628 4926 806 3407 4120 1825 1822 2618 1105 1816 3819 421 1225 1605 2210 2225 3002 4925 1813 3916 2119 3904 1323 3025 4205 3919 514 4414 627 1510 2118 4706 3313 718 3706 1522 3112 2715 4425 1622 2828 1207 1326 426 2826 3403 113 508 122 4916 1208 219 4517 4710 505 3807 2917 2724 3604 2612 407 1114 3506 4907 3213 812 4402 4618 2402 1107 321 2802 903 3411 826 1306 3321 1513 4521 3122 2504 1220 1610 2505 3120 2911 2223 608 319 4810 4001 4514 915 4212 1516 3622 4611 4314 3924 315 1802 3018 3906 2415 4221 1104 4118 4406 3323 1118 3909 2514 2325 913 2007 4018 2628 619 4011 2807 1707 3006 2116 1817 2304 4616 3513 817 4615 2221 4824 3618 914 1803 4620 4515 1320 707 4617 4823 807 723 3314 1713 4416 1602 1017 3308 112 2121 2002 3703 1628 4223 2623 3311 4524 3826 3804 4723 3124 1009 126 304 4518 4709 2910 3202 1613 2922 2522 1705 1121 1811 1511 2403 1112 1119 4918 1821 220 820 4324 809 1415 4714 1405 4812 3109 127 4116 3204 1503 1318 3926 3013 3105 3226 923 2624 705 328 2323 4910 3019 3813 2813 4921 2012 3719 3118 3705 603 402 1423 905 2212 324 1719 4006 2322 4109 2103 6 2125 4525 310 1525 3328 1901 2913 4703 4017 1915 827 2417 714 1717 209 3310 2804 214 1209 218 4418 1011 408 222 1101 2608 1402 2407 4023 401 4204 2622 3708 825 23 2517 3016 425 3828 305 1015 3127 1427 3007 1612 1126 1022 217 1127 4626 1925 4718 1420 2606 3923 1414 4122 901 2014 1328 4528 2307 4623 1403 3611 4424 4612 3504 2915 4520 1701 19 4724 3602 203 1217 4308 2019 3627 1409 3306 115 2613 413 1524 610 1501 4 4313 4008 2914 3617 3104 502 711 3115 1317 3821 4105 1303 1010 612 4114 1809 3903 201 3315 3620 2524 2801 3103 3125 926 2713 1023 4708 4527 3721 4108 1507 1518 4428 4310 1519 4024 2511 4415 4510 2207 3613 2703 1407 2306 2319 4007 3713 420 1709 2320 726 2112 4602 721 1413 1904 210 1527 509 4103 2615 403 1314 1826 4604 3008 824 4405 1116 2905 2107 4819 3917 2525 4327 3816 1202 4121 3827 404 828 26 1120 1923 617 4016 3605 601 3014 2025 2521 3111 2117 3209 4613 810 3324 1725 1008 1708 4417 3628 1218 1201 4318 1224 1914 1714 4207 4717 316 2313 1111 2419 1109 3914 2601 720 4913 3612 3307 3824 1927 4806 3428 3522 4316 3514 3128 4208 3817 3023 412 1625 4707 1406 2205 2321 3609 4213 2406 1401 805 4201 626 221 1724 2903 2126 706 4919 3312 Candidate name is: R

Ballots received: 3742 332 3552 4131 4443 2236 137 4845 2843 651 3330 2634 4548 3949 3653 1735 2943 4543 4045 1756 2443 730 1930 37 4651 2343 4842 3553 2936 1838 4642 3346 3151 2729 1554 242 3133 3535 1939 2342 3140 2552 933 1354 2148 1641 2953 4636 3051 555 4954 2951 4742 4429 53 3343 3436 342 4452 4141 2056 38 147 4836 2130 2432 1751 3256 3433 1049 3155 3047 4251 336 4139 4737 3752 152 4453 2041 235 853 36 2755 2956 3546 3031 2853 1256 3040 1646 440 3134 2754 4529 4052 2944 1647 1241 441 2542 134 2831 2734 3648 3636 2053 4941 4451 1145 534 2540 1842 1244 1542 3250 3141 4732 2637 751 4244 852 1034 529 3945 1150 3349 3651 452 1642 329 3947 1131 2355 2145 1442 3444 3837 356 3229 2650 3738 3443 4746 241 3852 4331 3849 1151 729 2948 352 4729 1840 4932 2834 4944 3333 1849 849 4056 4150 4656 4638 1534 531 252 4841 3542 835 1652 3930 1732 4241 443 3130 551 32 4534 3438 3541 3953 4143 3251 1155 4853 3352 2752 549 1232 1937 4130 856 3556 841 348 1341 4645 2736 353 4350 646 4830 2631 1956 2134 4855 3430 546 4930 454 3041 3139 3950 1935 4854 3548 2440 3635 4152 434 2543 4947 947 4948 2647 4555 1242 3841 3050 2643 2938 4649 2433 929 838 3643 1456 3937 3944 4752 4439 1334 1946 1030 556 3439 3456 1731 3237 3641 2246 4535 2437 737 1453 3736 2748 4137 2032 4934 1246 3756 3340 935 4456 2040 240 2233 1148 31 247 4255 1635 30 2454 3132 2446 4145 4551 4639 2042 2444 2052 1236 1737 4946 50 1529 339 2942 4837 3655 4351 2546 850 3843 2350 229 4653 4248 4232 1437 3933 3035 3339 1438 755 1451 3656 133 432 1040 3942 1733 1533 335 3142 1448 4238 552 4338 4542 1342 1443 1050 2346 2837 3745 1943 2034 738 4135 640 153 3939 1134 49 4132 337 2436 632 2242 2047 40 1750 3532 1753 4342 2738 4532 2547 4647 4230 4441 1836 2240 1844 1856 4329 1655 731 3747 4644 47 4956 1851 3453 1432 48 3846 2251 3450 2438 648 4938 243 4953 3351 845 742 349 3753 2147 4243 4042 1944 2842 330 4053 746 4756 2044 3741 3836 846 941 1633 444 2339 2455 739 1741 2945 2031 854 747 2054 749 4337 4755 3334 3055 2732 3855 4142 4840 2856 1549 3952 4037 3654 4048 1153 355 4648 4442 1553 1933 4554 1738 140 3137 1645 1032 3150 1336 2850 2554 645 2737 940 4533 644 256 2133 447 530 4943 149 438 1133 732 2642 1240 834 1841 2640 4446 3755 1430 2332 3245 3931 3554 3853 1653 3746 3748 3536 2132 3242 1654 1544 2330 2555 237 1535 246 3356 2241 2733 52 4330 4849 1643 1254 1349 3642 3731 2742 2731 3743 836 1335 655 3544 4537 2448 2243 636 1543 1441 4556 3336 4247 939 3750 2848 343 641 3531 2449 4744 1940 1531 4738 3146 239 3136 832 2356 146 1932 1230 1140 537 3646 3629 3838 1139 4546 347 639 930 4233 1540 1233 3342 3148 3441 4239 4539 3448 1037 1629 1929 753 2439 3244 44 1330 2534 35 2442 3929 1745 2329 2745 3154 750 542 435 1329 1352 1739 3052 2231 3934 236 2238 3848 2839 4146 3839 3037 2750 3537 1831 2741 630 3238 1229 2245 951 2155 931 3454 2638 1953 1839 4545 1649 631 4632 51 2939 4750 1847 1545 4650 4434 2849 650 4036 2235 3131 1952 3240 756 2354 43 3335 334 4038 1530 847 1440 1252 2445 1253 2654 1556 1033 2140 1237 4144 1234 1634 4253 2845 2143 3652 2952 4936 3241 4634 3951 1754 1056 346 2139 4249 4335 2252 2954 4844 154 3034 1154 232 629 1132 4032 831 1355 2131 4848 2351 942 4055 4846 4346 1951 1039 3434 1546 3247 1941 1648 1245 3337 2239 1551 538 2247 1135 945 1539 3832 2033 1347 4637 2844 643 2544 4733 1353 1536 331 2931 2832 1333 1129 1152 2141 448 4838 4440 1250 1138 743 4544 1934 1035 2249 2344 3633 844 3649 4354 1730 3850 4041 4935 1832 455 3032 532 3344 3329 3231 2549 4850 736 2232 4050 4450 2345 2055 255 740 3644 42 41 932 2050 2753 4951 744 2137 45 1942 4240 2553 1455 547 2150 4033 539 2333 238 2629 1038 638 1054 745 1029 4753 2146 1429 3451 2338 2349 3455 2829 4332 4939 3355 2043 1051 4630 3650 4039 2539 456 3749 250 1637 748 4629 2037 3249 3734 2136 1630 2548 1433 3447 3856 1855 3547 839 1748 3239 4353 2653 1346 4154 4437 4745 4749 3844 4444 33 4641 4952 1830 1651 3955 2045 4250 39 3831 4151 1031 855 1345 350 840 1052 4839 1955 2149 3353 4352 2430 1251 4051 3729 4231 4129 2244 2347 3039 949 3638 938 2532 230 735 4748 3338 4731 2556 3754 842 4531 829 734 3233 4334 754 848 1931 1434 2039 2250 4538 4256 3253 3248 4034 956 2751 3534 4449 155 2644 1532 3956 4832 3637 4740 340 633 1854 3254 1450 4349 3332 2453 1936 2452 2156 1044 936 2255 3135 4931 1249 3851 3735 451 2635 3147 2151 3341 135 1445 3538 248 3640 2256 4734 1538 545 2051 2830 4147 2930 4046 1749 1247 2636 741 544 3053 1829 2739 637 1734 4030 1644 3449 1552 1449 131 3138 4043 533 2340 3645 4942 2946 1337 333 439 354 4343 3246 2434 4654 4333 2932 4435 2441 3545 4136 2730 1043 837 1852 453 2937 2029 953 4643 1344 2456 1638 4739 445 2152 541 2652 2645 3732 1650 2935 3854 1338 1938 1243 1446 4054 3739 2234 2153 1656 2851 1348 1835 4138 3530 955 437 2129 3036 3243 656 3533 3943 4049 4633 654 4955 4245 2253 449 4950 3255 436 2632 141 3549 3235 635 3156 3948 4735 4234 4341 2537 3740 3144 634 4937 4929 4340 2854 1740 2836 2649 540 1147 4252 950 4847 3149 4550 145 2541 2229 2639 4029 3347 3840 151 2744 647 2550 1136 2833 4829 3152 4436 1137 1736 733 2743 4655 649 3445 251 1843 1350 2933 1954 1331 830 1640 3834 3129 1053 3639 130 1239 4856 4540 341 4356 2049 245 653 3232 3632 1550 4448 1156 4747 2536 1833 234 2135 3033 1046 4148 2934 4547 2749 4433 3348 433 3437 4640 1729 136 652 843 2648 954 1343 3744 3529 3730 4454 2138 34 3252 3029 3432 4751 4730 2950 253 254 442 2447 4254 1447 1454 4236 2641 446 2855 3830 833 4843 138 2630 4831 3429 2646 2431 2450 2334 943 3042 2535 1238 543 56 1431 2533 344 2545 944 3938 1743 2949 2046 4536 1845 4945 2038 4438 2840 642 2940 1439 2254 553 4156 2036 1055 937 4754 2451 4044 46 3835 3350 2835 4933 1146 3630 1248 3954 430 3045 548 536 1149 1041 1048 2030 143 1332 3049 3331 1435 3056 1853 429 2841 3038 2529 4635 1639 4833 2740 351 3551 129 231 3054 3030 1752 4432 2747 2746 148 3540 2335 554 1742 1036 2947 1339 3842 1142 4246 4430 144 2852 1541 244 851 3935 2838 2048 4736 3647 54 3829 4552 1047 4553 3234 450 4339 1837 3634 2735 1537 1744 2230 4743 4235 1255 948 4229 3230 3440 1340 3941 3751 2656 1356 4646 3044 249 2846 3733 1746 952 4133 4348 4344 752 4237 1848 4835 2331 3435 535 3145 3555 1747 1235 3631 4134 3936 2035 1846 1547 550 3940 3543 4549 2655 4345 4455 1755 2348 3539 2341 338 3845 4431 4530 1141 1130 4031 4347 431 55 2144 2237 1945 2336 142 4445 4035 1143 4140 1636 2142 1351 4851 4631 233 1231 2651 3946 1631 2538 3442 4149 4447 3847 2847 2633 132 150 2929 2941 2248 1948 29 2337 2352 3452 2530 3236 946 3048 4355 3431 1949 3354 3446 4652 3550 3833 4242 4940 1452 1950 1045 2353 3345 3143 2154 3046 2955 1444 3043 1632 3153 4155 4541 3737 4047 1947 4741 1850 4834 2756 2551 1555 4040 2429 156 934 1042 4336 1436 1834 345 2435 1548 139 1144 4852 3932 4153 4949 2531 Candidate name is: G

Ballots received: 2558 3058 3380 1770 1359 2580 4657 2679 3973 3458 2477 975 2076 763 60 964 977 3972 3777 2175 2361 162 1673 764 2665 271 859 970 770 2162 1567 3771 3676 470 4471 2778 3778 1762 3877 63 3262 2257 2058 3662 3861 665 2963 4260 4178 77 3062 3061 3274 1179 3668 361 1066 1773 1677 4958 1771 3767 1462 4070 4580 3779 4877 3071 2157 2974 3958 3664 4773 566 2564 858 161 1058 1577 3074 3959 2080 2178 3261 2759 3568 778 2976 2764 166 4867 1678 1377 2672 1980 1959 2274 3774 4462 874 3871 3063 275 979 264 1370 3077 3560 4177 4172 3957 3478 2275 69 2972 3978 1478 4470 4674 472 180 3172 769 1459 2266 4567 4270 668 1761 2271 1869 3259 4062 3967 78 3878 1664 358 761 878 3965 280 4357 4660 4473 3862 4871 3268 2871 4665 4978 4361 1474 170 2077 4275 3158 1263 466 4175 2862 4269 861 4468 2666 3367 2171 1476 4668 3271 4974 2278 2770 475 377 3474 2971 3267 3672 1580 160 679 2565 4167 3879 2166 2064 2676 1059 2966 3070 863 4372 2680 4571 4775 4475 2368 1661 3175 1559 773 1362 2169 1464 558 1177 2678 1876 4276 1976 3364 1671 1777 1568 4676 2776 1757 1763 4577 3465 567 674 67 3577 3167 4279 3065 4661 3666 1176 3273 4060 1268 3060 1159 2079 1468 2569 1473 266 4777 1561 1967 1560 570 3970 2176 758 2261 958 179 3566 464 3059 3278 2264 3372 4272 4069 4278 968 270 860 3961 372 3966 4264 4576 2457 2067 2562 1859 2872 4360 3564 4767 2877 4368 1569 1259 3570 4878 2258 4662 4165 3761 3760 1564 3980 867 676 4259 1060 3574 2060 4472 4067 4859 1371 3571 4658 4961 4068 3873 3477 2167 3165 61 272 3660 168 1479 973 1074 561 4373 469 3463 4962 3272 1775 3575 4380 258 2860 2578 2057 3476 366 3663 1576 3572 3869 2660 259 2371 3975 4670 4679 1769 4363 3764 1378 2172 670 2772 4171 1972 1669 1566 1565 3168 4168 3160 375 3759 4864 661 1558 2567 3375 3068 3276 4874 158 2179 1157 2478 1668 367 3679 1767 4972 3674 4967 2269 1658 3775 3162 263 2465 4265 2968 1274 2374 2969 4579 2869 663 4757 1780 4664 2363 2279 3475 277 4077 2774 962 1068 2760 4970 1372 3377 2775 360 1657 3680 4480 4158 1880 2475 2159 1665 273 3173 1971 2579 1573 4977 1879 3762 3776 2180 2570 3960 1857 1758 4764 967 4671 376 2380 2572 4858 664 4880 75 2870 4771 1368 73 672 880 657 2960 1277 1357 175 969 1970 2563 4160 2375 2973 1667 1579 960 4379 267 368 3178 1963 1258 1863 4277 2777 1467 1079 1279 2379 2068 2557 3467 1562 3371 2766 675 4358 1267 4374 373 4369 362 4058 1961 4866 4061 766 1166 2577 66 1862 4370 775 3358 4666 1065 4861 1077 2466 3865 4969 4469 4059 1072 3964 3678 72 3559 3665 3580 276 4957 2462 1465 1870 2364 2370 1957 2471 177 1171 3076 4569 1470 3971 3170 1979 4872 4161 459 3968 4979 574 1772 1457 2366 3079 262 157 1367 2668 480 1062 1480 370 4563 2173 868 4968 3669 4057 3569 762 165 559 3361 1962 4072 3179 4257 1974 4768 3260 4865 4377 1759 4964 3370 2561 760 1477 3866 4876 1061 4173 2669 4080 4558 1271 2674 2161 2072 163 2362 2276 869 660 468 4176 4364 4267 3868 3963 3858 865 562 62 2265 1679 2470 374 457 3768 2667 3269 4959 1572 71 3880 3057 1861 577 2761 4365 1674 1070 2059 1168 2469 3870 4075 1257 3169 4063 3670 279 3876 4271 3675 4162 4170 1379 2664 2164 2272 4464 364 2779 260 1860 4971 2260 4672 1269 2677 575 2074 2967 4769 976 961 1766 1158 2768 70 1969 3064 3974 1165 1270 1575 265 2767 2170 3471 560 3772 4774 2574 2964 4860 3374 4375 4258 965 4565 1265 2866 3075 2070 2868 565 2358 465 4362 3280 363 462 4460 1460 2859 2373 4073 2359 3378 3365 171 2376 1469 3472 1458 2858 4366 3667 4760 1977 1064 1075 4378 3264 4673 2378 864 2473 1173 79 1080 274 1170 3976 1262 4478 2657 4459 2875 2160 3657 3376 2970 3561 1666 3661 4463 4868 4570 1660 3969 1966 1169 3567 64 2959 3863 757 777 3770 2365 1358 2474 4166 4266 2671 2670 3758 76 3875 3073 1768 1376 3366 4963 4669 2168 3859 2369 3872 4268 257 3359 768 2874 1163 659 2575 4561 2658 4870 776 2267 4477 3576 3080 4566 3363 3459 2263 3867 3857 59 1272 4367 3780 4879 3279 1276 774 3671 3763 1570 4765 2957 2576 2367 2177 4976 2876 3177 1662 1067 677 3579 4966 3373 1563 4663 1472 261 2863 1475 2568 369 3460 3275 268 176 3565 1874 2978 3563 1463 2864 2857 1162 58 2769 1964 1866 359 4873 474 3769 3473 1366 2459 1380 4466 673 2062 3464 2962 1178 3174 2573 2357 4758 4778 4574 1374 3479 2771 164 1765 3677 4376 866 568 1373 1659 4079 680 959 2461 2259 4262 3360 1858 2472 1063 1672 3164 2571 3457 178 974 3659 2773 4568 4157 580 3270 3558 3157 4761 978 2662 1280 2762 2061 74 1167 2073 1877 1266 1873 870 4562 4457 2879 174 1960 4869 2661 4575 2468 972 857 1369 4766 169 4980 872 4875 2463 1574 1774 4465 1578 4863 2977 1471 167 2675 1069 1174 1073 4064 2480 2758 671 379 4770 1571 4960 4474 4476 458 980 779 3757 4857 578 2268 4467 65 4261 2066 3066 1871 963 4667 2467 666 1275 4180 4557 2965 579 877 557 2075 2961 3161 2878 669 1164 4560 563 2277 3470 4078 4479 2659 3067 2975 357 2063 3578 1361 2979 879 662 2560 1973 1261 3461 2873 1172 2372 765 875 1365 4675 4163 1557 3977 4159 3765 3860 4573 4763 2071 3773 1363 2464 3462 4677 3480 1360 4779 371 3379 1675 1260 3159 4169 478 2360 2069 3874 3180 1180 4263 4371 3979 2867 4179 2476 1776 3072 4572 658 4578 3766 4772 2273 966 2765 477 571 3163 3557 1875 463 3176 3171 2566 1078 3078 2078 4762 2458 2865 4680 1760 564 269 4862 1958 471 2880 2163 678 1778 1868 4458 460 759 4559 2780 3265 1878 2763 80 467 3468 1057 3357 3673 3362 3573 957 1461 2559 4759 2479 3069 1670 2262 862 1968 4074 3469 1161 1273 4965 3466 1764 771 4973 3658 4678 4273 1965 2165 1071 1779 4274 173 461 2174 57 4975 4359 4071 3258 380 1872 4164 4065 4461 3864 2270 2065 1076 2958 378 4280 1364 3257 2673 2280 68 1278 780 3263 2460 473 876 1975 278 971 1680 2757 1865 4066 3266 569 873 4659 3368 1466 2861 1867 1375 1264 2980 1864 572 4776 767 2377 2158 479 871 3562 573 172 772 3962 1663 1160 2663 1978 1175 3369 365 576 667 4564 4076 3166 476 1676 3277 159 4174 4780 
3st Round:
redistribute ballots the candidates with the least ballots
3st Round finished
Winners so far:
Loser so far:Candidate name is: D

Ballots received: 3825 2201 4028 725 624 2202 2214 3603 516 606 4905 4811 411 1703 2324 1115 3408 523 1514 1907 709 2821 2812 1211 2218 3525 819 2507 2912 1924 2222 604 3509 3424 1611 206 918 3316 2127 1609 2919 3720 3218 117 1619 301 2501 2022 3318 4702 2823 320 3410 2227 1028 814 511 2815 524 3024 1204 3908 1618 21 2920 4301 815 3319 3414 2526 3113 1223 2516 2314 3527 3920 4526 4210 3610 4701 2810 1824 4010 1720 4119 414 4102 4807 2508 522 821 2626 1504 1 4911 2704 1128 1710 4228 3224 28 1108 1219 1820 3806 3110 1711 4605 4320 15 11 1113 3704 3510 4127 1916 207 1512 2109 1922 1902 4014 2413 1911 2515 908 2918 3418 1228 920 4720 3614 4124 1324 2113 2509 1508 1422 2104 2906 3320 2111 518 3021 1226 2901 2907 4519 1603 314 4821 3211 4912 3823 213 2908 311 4716 2318 4721 4817 4307 405 4112 2827 1411 4328 326 2717 4226 1818 2722 2427 621 3117 3519 2203 1410 25 925 2206 2720 2924 2710 3222 3918 1520 4005 2308 2816 1723 2519 4306 2719 3502 3521 225 4101 719 2021 2102 1307 525 1917 223 2219 2909 2204 1827 124 3524 211 2316 2921 4401 1909 1727 1007 1621 3725 4625 4506 2008 3309 2604 2528 410 2609 4904 701 526 4502 2122 3512 4421 3417 3206 1716 1026 106 1002 4113 4621 4027 3026 2627 2215 2805 3303 2424 4321 1018 2506 611 4222 916 4927 4326 1712 1801 1426 3608 4814 4202 4622 3928 325 1908 2024 4809 3404 2416 4727 1021 3405 1505 125 801 2224 1025 1020 114 715 4828 4507 1905 727 4601 2414 2315 2211 3227 308 4413 2216 4805 4512 4004 1715 4025 2709 4608 3011 928 3401 2114 2128 2916 428 1918 1310 3811 1408 1606 722 4728 1417 625 2101 3507 3808 4712 3508 4804 3121 9 1404 4215 228 1614 1502 3201 4311 2408 2209 2723 501 2301 1806 4726 1627 4106 4722 3210 4917 4928 703 803 406 512 1019 3012 1027 4309 4923 3925 2213 1805 4123 4219 2309 4117 4217 13 2305 4901 4922 2806 2510 2422 17 4403 1003 27 3820 1302 3317 101 2725 120 4115 2009 1421 4508 416 317 4220 602 1312 3728 3724 4419 4323 3901 2013 1016 808 605 4423 520 1005 4317 3517 1910 2228 4218 510 4225 3425 3423 2614 1313 3711 3710 4420 2616 4227 3809 4305 1928 309 3927 1702 1920 2726 2818 910 4125 3225 4715 4015 1110 2928 3709 118 1212 312 1722 2123 4511 628 4110 3020 3714 2328 2814 2808 2028 3322 1815 2503 907 2001 3812 3712 3212 1210 802 4003 3718 226 1309 1024 4408 4607 2706 614 3108 3717 2418 2925 3325 620 2926 906 2426 3409 418 8 2004 2011 3907 909 1117 2409 1912 4209 307 704 123 4012 3518 2625 713 1706 1728 4214 3215 1615 1506 1215 4022 4107 4908 4803 4111 4624 2803 3119 521 3214 3707 3208 3625 3422 3912 3412 1006 3922 811 2620 527 1123 618 2425 2311 2006 2003 4606 607 4903 2820 3501 3010 3219 2226 4915 121 504 1012 4304 3015 3027 2927 3326 1608 1416 1322 3223 3009 4410 3802 3701 1807 2523 1903 2326 24 4501 4711 1607 1624 717 2020 3101 3302 2822 1004 4409 102 1305 4627 3716 2124 2027 4504 1828 3722 3207 2 3815 2728 3217 1316 3004 1913 4523 2711 1428 515 3921 2714 1810 111 3 712 2110 1206 4503 3028 4516 3221 110 503 1617 3503 4820 1528 4815 12 1014 1222 921 4019 2423 4603 528 4522 3005 3905 208 1227 2518 4509 1216 427 3220 323 816 2701 422 1103 3415 1509 1926 2712 1515 1412 2401 2428 708 3003 804 1718 302 3818 4325 1001 4021 3702 2404 1921 3301 2617 616 3803 4216 823 3416 424 513 4505 917 3801 3413 4206 4315 2106 4827 1604 2120 2621 716 4020 2817 4427 2512 623 1601 216 215 2819 2327 2527 4404 1626 4816 1122 7 2610 912 3216 3902 2902 3022 2707 107 2824 924 2108 2602 3505 1623 2010 3001 710 313 2208 1102 4302 3406 2310 3228 4906 927 3822 4902 3126 2619 3123 1013 3419 3523 105 609 409 204 2302 1125 4610 3402 3107 3814 1919 306 202 1205 1814 4808 22 4224 3810 2420 109 3913 3626 3426 4825 4303 4614 2312 3726 4411 517 813 322 1704 4322 3516 1521 224 3421 3520 205 2705 1526 1214 1321 1301 4203 919 2809 128 2018 4619 3304 4426 4513 212 1304 1311 104 4801 3606 818 3017 2603 16 2412 2105 3203 4126 3114 3715 1804 2825 2410 4609 4826 4422 10 4909 3526 2421 103 14 904 2502 3621 1106 3910 303 2026 3515 4128 2716 519 3624 18 922 4319 3619 3616 613 423 3727 3623 4924 2220 622 2513 4211 1812 2115 728 2923 4002 327 1721 1620 2017 419 1203 3915 3615 2811 1418 2217 4719 1327 615 1523 3327 1319 2904 1823 2718 1424 1315 3205 417 4813 902 2727 1419 4412 2016 3427 227 3723 702 1616 1325 506 822 5 116 3511 3805 1808 2611 1726 2411 318 1819 3116 415 4725 4713 20 2015 4705 4009 724 2721 1221 2520 3607 2405 3911 2607 2023 4818 2708 4822 119 2702 507 4920 3528 4407 1308 3305 4704 3601 3106 1425 4802 2005 2605 1517 4312 3420 1124 4104 4013 2317 2303 108 3102 4026 1213 4914 911 1906 4628 4926 806 3407 4120 1825 1822 2618 1105 1816 3819 421 1225 1605 2210 2225 3002 4925 1813 3916 2119 3904 1323 3025 4205 3919 514 4414 627 1510 2118 4706 3313 718 3706 1522 3112 2715 4425 1622 2828 1207 1326 426 2826 3403 113 508 122 4916 1208 219 4517 4710 505 3807 2917 2724 3604 2612 407 1114 3506 4907 3213 812 4402 4618 2402 1107 321 2802 903 3411 826 1306 3321 1513 4521 3122 2504 1220 1610 2505 3120 2911 2223 608 319 4810 4001 4514 915 4212 1516 3622 4611 4314 3924 315 1802 3018 3906 2415 4221 1104 4118 4406 3323 1118 3909 2514 2325 913 2007 4018 2628 619 4011 2807 1707 3006 2116 1817 2304 4616 3513 817 4615 2221 4824 3618 914 1803 4620 4515 1320 707 4617 4823 807 723 3314 1713 4416 1602 1017 3308 112 2121 2002 3703 1628 4223 2623 3311 4524 3826 3804 4723 3124 1009 126 304 4518 4709 2910 3202 1613 2922 2522 1705 1121 1811 1511 2403 1112 1119 4918 1821 220 820 4324 809 1415 4714 1405 4812 3109 127 4116 3204 1503 1318 3926 3013 3105 3226 923 2624 705 328 2323 4910 3019 3813 2813 4921 2012 3719 3118 3705 603 402 1423 905 2212 324 1719 4006 2322 4109 2103 6 2125 4525 310 1525 3328 1901 2913 4703 4017 1915 827 2417 714 1717 209 3310 2804 214 1209 218 4418 1011 408 222 1101 2608 1402 2407 4023 401 4204 2622 3708 825 23 2517 3016 425 3828 305 1015 3127 1427 3007 1612 1126 1022 217 1127 4626 1925 4718 1420 2606 3923 1414 4122 901 2014 1328 4528 2307 4623 1403 3611 4424 4612 3504 2915 4520 1701 19 4724 3602 203 1217 4308 2019 3627 1409 3306 115 2613 413 1524 610 1501 4 4313 4008 2914 3617 3104 502 711 3115 1317 3821 4105 1303 1010 612 4114 1809 3903 201 3315 3620 2524 2801 3103 3125 926 2713 1023 4708 4527 3721 4108 1507 1518 4428 4310 1519 4024 2511 4415 4510 2207 3613 2703 1407 2306 2319 4007 3713 420 1709 2320 726 2112 4602 721 1413 1904 210 1527 509 4103 2615 403 1314 1826 4604 3008 824 4405 1116 2905 2107 4819 3917 2525 4327 3816 1202 4121 3827 404 828 26 1120 1923 617 4016 3605 601 3014 2025 2521 3111 2117 3209 4613 810 3324 1725 1008 1708 4417 3628 1218 1201 4318 1224 1914 1714 4207 4717 316 2313 1111 2419 1109 3914 2601 720 4913 3612 3307 3824 1927 4806 3428 3522 4316 3514 3128 4208 3817 3023 412 1625 4707 1406 2205 2321 3609 4213 2406 1401 805 4201 626 221 1724 2903 2126 706 4919 3312 Candidate name is: R

Ballots received: 3742 332 3552 4131 4443 2236 137 4845 2843 651 3330 2634 4548 3949 3653 1735 2943 4543 4045 1756 2443 730 1930 37 4651 2343 4842 3553 2936 1838 4642 3346 3151 2729 1554 242 3133 3535 1939 2342 3140 2552 933 1354 2148 1641 2953 4636 3051 555 4954 2951 4742 4429 53 3343 3436 342 4452 4141 2056 38 147 4836 2130 2432 1751 3256 3433 1049 3155 3047 4251 336 4139 4737 3752 152 4453 2041 235 853 36 2755 2956 3546 3031 2853 1256 3040 1646 440 3134 2754 4529 4052 2944 1647 1241 441 2542 134 2831 2734 3648 3636 2053 4941 4451 1145 534 2540 1842 1244 1542 3250 3141 4732 2637 751 4244 852 1034 529 3945 1150 3349 3651 452 1642 329 3947 1131 2355 2145 1442 3444 3837 356 3229 2650 3738 3443 4746 241 3852 4331 3849 1151 729 2948 352 4729 1840 4932 2834 4944 3333 1849 849 4056 4150 4656 4638 1534 531 252 4841 3542 835 1652 3930 1732 4241 443 3130 551 32 4534 3438 3541 3953 4143 3251 1155 4853 3352 2752 549 1232 1937 4130 856 3556 841 348 1341 4645 2736 353 4350 646 4830 2631 1956 2134 4855 3430 546 4930 454 3041 3139 3950 1935 4854 3548 2440 3635 4152 434 2543 4947 947 4948 2647 4555 1242 3841 3050 2643 2938 4649 2433 929 838 3643 1456 3937 3944 4752 4439 1334 1946 1030 556 3439 3456 1731 3237 3641 2246 4535 2437 737 1453 3736 2748 4137 2032 4934 1246 3756 3340 935 4456 2040 240 2233 1148 31 247 4255 1635 30 2454 3132 2446 4145 4551 4639 2042 2444 2052 1236 1737 4946 50 1529 339 2942 4837 3655 4351 2546 850 3843 2350 229 4653 4248 4232 1437 3933 3035 3339 1438 755 1451 3656 133 432 1040 3942 1733 1533 335 3142 1448 4238 552 4338 4542 1342 1443 1050 2346 2837 3745 1943 2034 738 4135 640 153 3939 1134 49 4132 337 2436 632 2242 2047 40 1750 3532 1753 4342 2738 4532 2547 4647 4230 4441 1836 2240 1844 1856 4329 1655 731 3747 4644 47 4956 1851 3453 1432 48 3846 2251 3450 2438 648 4938 243 4953 3351 845 742 349 3753 2147 4243 4042 1944 2842 330 4053 746 4756 2044 3741 3836 846 941 1633 444 2339 2455 739 1741 2945 2031 854 747 2054 749 4337 4755 3334 3055 2732 3855 4142 4840 2856 1549 3952 4037 3654 4048 1153 355 4648 4442 1553 1933 4554 1738 140 3137 1645 1032 3150 1336 2850 2554 645 2737 940 4533 644 256 2133 447 530 4943 149 438 1133 732 2642 1240 834 1841 2640 4446 3755 1430 2332 3245 3931 3554 3853 1653 3746 3748 3536 2132 3242 1654 1544 2330 2555 237 1535 246 3356 2241 2733 52 4330 4849 1643 1254 1349 3642 3731 2742 2731 3743 836 1335 655 3544 4537 2448 2243 636 1543 1441 4556 3336 4247 939 3750 2848 343 641 3531 2449 4744 1940 1531 4738 3146 239 3136 832 2356 146 1932 1230 1140 537 3646 3629 3838 1139 4546 347 639 930 4233 1540 1233 3342 3148 3441 4239 4539 3448 1037 1629 1929 753 2439 3244 44 1330 2534 35 2442 3929 1745 2329 2745 3154 750 542 435 1329 1352 1739 3052 2231 3934 236 2238 3848 2839 4146 3839 3037 2750 3537 1831 2741 630 3238 1229 2245 951 2155 931 3454 2638 1953 1839 4545 1649 631 4632 51 2939 4750 1847 1545 4650 4434 2849 650 4036 2235 3131 1952 3240 756 2354 43 3335 334 4038 1530 847 1440 1252 2445 1253 2654 1556 1033 2140 1237 4144 1234 1634 4253 2845 2143 3652 2952 4936 3241 4634 3951 1754 1056 346 2139 4249 4335 2252 2954 4844 154 3034 1154 232 629 1132 4032 831 1355 2131 4848 2351 942 4055 4846 4346 1951 1039 3434 1546 3247 1941 1648 1245 3337 2239 1551 538 2247 1135 945 1539 3832 2033 1347 4637 2844 643 2544 4733 1353 1536 331 2931 2832 1333 1129 1152 2141 448 4838 4440 1250 1138 743 4544 1934 1035 2249 2344 3633 844 3649 4354 1730 3850 4041 4935 1832 455 3032 532 3344 3329 3231 2549 4850 736 2232 4050 4450 2345 2055 255 740 3644 42 41 932 2050 2753 4951 744 2137 45 1942 4240 2553 1455 547 2150 4033 539 2333 238 2629 1038 638 1054 745 1029 4753 2146 1429 3451 2338 2349 3455 2829 4332 4939 3355 2043 1051 4630 3650 4039 2539 456 3749 250 1637 748 4629 2037 3249 3734 2136 1630 2548 1433 3447 3856 1855 3547 839 1748 3239 4353 2653 1346 4154 4437 4745 4749 3844 4444 33 4641 4952 1830 1651 3955 2045 4250 39 3831 4151 1031 855 1345 350 840 1052 4839 1955 2149 3353 4352 2430 1251 4051 3729 4231 4129 2244 2347 3039 949 3638 938 2532 230 735 4748 3338 4731 2556 3754 842 4531 829 734 3233 4334 754 848 1931 1434 2039 2250 4538 4256 3253 3248 4034 956 2751 3534 4449 155 2644 1532 3956 4832 3637 4740 340 633 1854 3254 1450 4349 3332 2453 1936 2452 2156 1044 936 2255 3135 4931 1249 3851 3735 451 2635 3147 2151 3341 135 1445 3538 248 3640 2256 4734 1538 545 2051 2830 4147 2930 4046 1749 1247 2636 741 544 3053 1829 2739 637 1734 4030 1644 3449 1552 1449 131 3138 4043 533 2340 3645 4942 2946 1337 333 439 354 4343 3246 2434 4654 4333 2932 4435 2441 3545 4136 2730 1043 837 1852 453 2937 2029 953 4643 1344 2456 1638 4739 445 2152 541 2652 2645 3732 1650 2935 3854 1338 1938 1243 1446 4054 3739 2234 2153 1656 2851 1348 1835 4138 3530 955 437 2129 3036 3243 656 3533 3943 4049 4633 654 4955 4245 2253 449 4950 3255 436 2632 141 3549 3235 635 3156 3948 4735 4234 4341 2537 3740 3144 634 4937 4929 4340 2854 1740 2836 2649 540 1147 4252 950 4847 3149 4550 145 2541 2229 2639 4029 3347 3840 151 2744 647 2550 1136 2833 4829 3152 4436 1137 1736 733 2743 4655 649 3445 251 1843 1350 2933 1954 1331 830 1640 3834 3129 1053 3639 130 1239 4856 4540 341 4356 2049 245 653 3232 3632 1550 4448 1156 4747 2536 1833 234 2135 3033 1046 4148 2934 4547 2749 4433 3348 433 3437 4640 1729 136 652 843 2648 954 1343 3744 3529 3730 4454 2138 34 3252 3029 3432 4751 4730 2950 253 254 442 2447 4254 1447 1454 4236 2641 446 2855 3830 833 4843 138 2630 4831 3429 2646 2431 2450 2334 943 3042 2535 1238 543 56 1431 2533 344 2545 944 3938 1743 2949 2046 4536 1845 4945 2038 4438 2840 642 2940 1439 2254 553 4156 2036 1055 937 4754 2451 4044 46 3835 3350 2835 4933 1146 3630 1248 3954 430 3045 548 536 1149 1041 1048 2030 143 1332 3049 3331 1435 3056 1853 429 2841 3038 2529 4635 1639 4833 2740 351 3551 129 231 3054 3030 1752 4432 2747 2746 148 3540 2335 554 1742 1036 2947 1339 3842 1142 4246 4430 144 2852 1541 244 851 3935 2838 2048 4736 3647 54 3829 4552 1047 4553 3234 450 4339 1837 3634 2735 1537 1744 2230 4743 4235 1255 948 4229 3230 3440 1340 3941 3751 2656 1356 4646 3044 249 2846 3733 1746 952 4133 4348 4344 752 4237 1848 4835 2331 3435 535 3145 3555 1747 1235 3631 4134 3936 2035 1846 1547 550 3940 3543 4549 2655 4345 4455 1755 2348 3539 2341 338 3845 4431 4530 1141 1130 4031 4347 431 55 2144 2237 1945 2336 142 4445 4035 1143 4140 1636 2142 1351 4851 4631 233 1231 2651 3946 1631 2538 3442 4149 4447 3847 2847 2633 132 150 2929 2941 2248 1948 29 2337 2352 3452 2530 3236 946 3048 4355 3431 1949 3354 3446 4652 3550 3833 4242 4940 1452 1950 1045 2353 3345 3143 2154 3046 2955 1444 3043 1632 3153 4155 4541 3737 4047 1947 4741 1850 4834 2756 2551 1555 4040 2429 156 934 1042 4336 1436 1834 345 2435 1548 139 1144 4852 3932 4153 4949 2531 
4st Round:
redistribute ballots the candidates with the least ballots
4st Round finished
Winners so far:
Loser so far:Candidate name is: D

Ballots received: 3825 2201 4028 725 624 2202 2214 3603 516 606 4905 4811 411 1703 2324 1115 3408 523 1514 1907 709 2821 2812 1211 2218 3525 819 2507 2912 1924 2222 604 3509 3424 1611 206 918 3316 2127 1609 2919 3720 3218 117 1619 301 2501 2022 3318 4702 2823 320 3410 2227 1028 814 511 2815 524 3024 1204 3908 1618 21 2920 4301 815 3319 3414 2526 3113 1223 2516 2314 3527 3920 4526 4210 3610 4701 2810 1824 4010 1720 4119 414 4102 4807 2508 522 821 2626 1504 1 4911 2704 1128 1710 4228 3224 28 1108 1219 1820 3806 3110 1711 4605 4320 15 11 1113 3704 3510 4127 1916 207 1512 2109 1922 1902 4014 2413 1911 2515 908 2918 3418 1228 920 4720 3614 4124 1324 2113 2509 1508 1422 2104 2906 3320 2111 518 3021 1226 2901 2907 4519 1603 314 4821 3211 4912 3823 213 2908 311 4716 2318 4721 4817 4307 405 4112 2827 1411 4328 326 2717 4226 1818 2722 2427 621 3117 3519 2203 1410 25 925 2206 2720 2924 2710 3222 3918 1520 4005 2308 2816 1723 2519 4306 2719 3502 3521 225 4101 719 2021 2102 1307 525 1917 223 2219 2909 2204 1827 124 3524 211 2316 2921 4401 1909 1727 1007 1621 3725 4625 4506 2008 3309 2604 2528 410 2609 4904 701 526 4502 2122 3512 4421 3417 3206 1716 1026 106 1002 4113 4621 4027 3026 2627 2215 2805 3303 2424 4321 1018 2506 611 4222 916 4927 4326 1712 1801 1426 3608 4814 4202 4622 3928 325 1908 2024 4809 3404 2416 4727 1021 3405 1505 125 801 2224 1025 1020 114 715 4828 4507 1905 727 4601 2414 2315 2211 3227 308 4413 2216 4805 4512 4004 1715 4025 2709 4608 3011 928 3401 2114 2128 2916 428 1918 1310 3811 1408 1606 722 4728 1417 625 2101 3507 3808 4712 3508 4804 3121 9 1404 4215 228 1614 1502 3201 4311 2408 2209 2723 501 2301 1806 4726 1627 4106 4722 3210 4917 4928 703 803 406 512 1019 3012 1027 4309 4923 3925 2213 1805 4123 4219 2309 4117 4217 13 2305 4901 4922 2806 2510 2422 17 4403 1003 27 3820 1302 3317 101 2725 120 4115 2009 1421 4508 416 317 4220 602 1312 3728 3724 4419 4323 3901 2013 1016 808 605 4423 520 1005 4317 3517 1910 2228 4218 510 4225 3425 3423 2614 1313 3711 3710 4420 2616 4227 3809 4305 1928 309 3927 1702 1920 2726 2818 910 4125 3225 4715 4015 1110 2928 3709 118 1212 312 1722 2123 4511 628 4110 3020 3714 2328 2814 2808 2028 3322 1815 2503 907 2001 3812 3712 3212 1210 802 4003 3718 226 1309 1024 4408 4607 2706 614 3108 3717 2418 2925 3325 620 2926 906 2426 3409 418 8 2004 2011 3907 909 1117 2409 1912 4209 307 704 123 4012 3518 2625 713 1706 1728 4214 3215 1615 1506 1215 4022 4107 4908 4803 4111 4624 2803 3119 521 3214 3707 3208 3625 3422 3912 3412 1006 3922 811 2620 527 1123 618 2425 2311 2006 2003 4606 607 4903 2820 3501 3010 3219 2226 4915 121 504 1012 4304 3015 3027 2927 3326 1608 1416 1322 3223 3009 4410 3802 3701 1807 2523 1903 2326 24 4501 4711 1607 1624 717 2020 3101 3302 2822 1004 4409 102 1305 4627 3716 2124 2027 4504 1828 3722 3207 2 3815 2728 3217 1316 3004 1913 4523 2711 1428 515 3921 2714 1810 111 3 712 2110 1206 4503 3028 4516 3221 110 503 1617 3503 4820 1528 4815 12 1014 1222 921 4019 2423 4603 528 4522 3005 3905 208 1227 2518 4509 1216 427 3220 323 816 2701 422 1103 3415 1509 1926 2712 1515 1412 2401 2428 708 3003 804 1718 302 3818 4325 1001 4021 3702 2404 1921 3301 2617 616 3803 4216 823 3416 424 513 4505 917 3801 3413 4206 4315 2106 4827 1604 2120 2621 716 4020 2817 4427 2512 623 1601 216 215 2819 2327 2527 4404 1626 4816 1122 7 2610 912 3216 3902 2902 3022 2707 107 2824 924 2108 2602 3505 1623 2010 3001 710 313 2208 1102 4302 3406 2310 3228 4906 927 3822 4902 3126 2619 3123 1013 3419 3523 105 609 409 204 2302 1125 4610 3402 3107 3814 1919 306 202 1205 1814 4808 22 4224 3810 2420 109 3913 3626 3426 4825 4303 4614 2312 3726 4411 517 813 322 1704 4322 3516 1521 224 3421 3520 205 2705 1526 1214 1321 1301 4203 919 2809 128 2018 4619 3304 4426 4513 212 1304 1311 104 4801 3606 818 3017 2603 16 2412 2105 3203 4126 3114 3715 1804 2825 2410 4609 4826 4422 10 4909 3526 2421 103 14 904 2502 3621 1106 3910 303 2026 3515 4128 2716 519 3624 18 922 4319 3619 3616 613 423 3727 3623 4924 2220 622 2513 4211 1812 2115 728 2923 4002 327 1721 1620 2017 419 1203 3915 3615 2811 1418 2217 4719 1327 615 1523 3327 1319 2904 1823 2718 1424 1315 3205 417 4813 902 2727 1419 4412 2016 3427 227 3723 702 1616 1325 506 822 5 116 3511 3805 1808 2611 1726 2411 318 1819 3116 415 4725 4713 20 2015 4705 4009 724 2721 1221 2520 3607 2405 3911 2607 2023 4818 2708 4822 119 2702 507 4920 3528 4407 1308 3305 4704 3601 3106 1425 4802 2005 2605 1517 4312 3420 1124 4104 4013 2317 2303 108 3102 4026 1213 4914 911 1906 4628 4926 806 3407 4120 1825 1822 2618 1105 1816 3819 421 1225 1605 2210 2225 3002 4925 1813 3916 2119 3904 1323 3025 4205 3919 514 4414 627 1510 2118 4706 3313 718 3706 1522 3112 2715 4425 1622 2828 1207 1326 426 2826 3403 113 508 122 4916 1208 219 4517 4710 505 3807 2917 2724 3604 2612 407 1114 3506 4907 3213 812 4402 4618 2402 1107 321 2802 903 3411 826 1306 3321 1513 4521 3122 2504 1220 1610 2505 3120 2911 2223 608 319 4810 4001 4514 915 4212 1516 3622 4611 4314 3924 315 1802 3018 3906 2415 4221 1104 4118 4406 3323 1118 3909 2514 2325 913 2007 4018 2628 619 4011 2807 1707 3006 2116 1817 2304 4616 3513 817 4615 2221 4824 3618 914 1803 4620 4515 1320 707 4617 4823 807 723 3314 1713 4416 1602 1017 3308 112 2121 2002 3703 1628 4223 2623 3311 4524 3826 3804 4723 3124 1009 126 304 4518 4709 2910 3202 1613 2922 2522 1705 1121 1811 1511 2403 1112 1119 4918 1821 220 820 4324 809 1415 4714 1405 4812 3109 127 4116 3204 1503 1318 3926 3013 3105 3226 923 2624 705 328 2323 4910 3019 3813 2813 4921 2012 3719 3118 3705 603 402 1423 905 2212 324 1719 4006 2322 4109 2103 6 2125 4525 310 1525 3328 1901 2913 4703 4017 1915 827 2417 714 1717 209 3310 2804 214 1209 218 4418 1011 408 222 1101 2608 1402 2407 4023 401 4204 2622 3708 825 23 2517 3016 425 3828 305 1015 3127 1427 3007 1612 1126 1022 217 1127 4626 1925 4718 1420 2606 3923 1414 4122 901 2014 1328 4528 2307 4623 1403 3611 4424 4612 3504 2915 4520 1701 19 4724 3602 203 1217 4308 2019 3627 1409 3306 115 2613 413 1524 610 1501 4 4313 4008 2914 3617 3104 502 711 3115 1317 3821 4105 1303 1010 612 4114 1809 3903 201 3315 3620 2524 2801 3103 3125 926 2713 1023 4708 4527 3721 4108 1507 1518 4428 4310 1519 4024 2511 4415 4510 2207 3613 2703 1407 2306 2319 4007 3713 420 1709 2320 726 2112 4602 721 1413 1904 210 1527 509 4103 2615 403 1314 1826 4604 3008 824 4405 1116 2905 2107 4819 3917 2525 4327 3816 1202 4121 3827 404 828 26 1120 1923 617 4016 3605 601 3014 2025 2521 3111 2117 3209 4613 810 3324 1725 1008 1708 4417 3628 1218 1201 4318 1224 1914 1714 4207 4717 316 2313 1111 2419 1109 3914 2601 720 4913 3612 3307 3824 1927 4806 3428 3522 4316 3514 3128 4208 3817 3023 412 1625 4707 1406 2205 2321 3609 4213 2406 1401 805 4201 626 221 1724 2903 2126 706 4919 3312 
5st Round:
redistribute ballots the candidates with the least ballots
5st Round finished
Winners so far:
Loser so far:
There is no more candidates in the loser list
Result Generated
